MODUS;function;parmeter;repeat delay;;FINGER_1 MIN;FINGER_1 MAX;FINGER_1 TARGET;;FINGER_2 MIN;FINGER_2 MAX;FINGER_2 TARGET;;FINGER_3 MIN;FINGER_3 MAX;FINGER_3 TARGET;;FINGER_4 MIN;FINGER_4 MAX;FINGER_4 TARGET;;FINGER_5 MIN;FINGER_5 MAX;FINGER_5 TARGET;;QUATERNION_1 MIN;QUATERNION_1 MAX;QUATERNION_1 TARGET;;QUATERNION_2 MIN -10;QUATERNION_2 MAX 29000;QUATERNION_2 TARGET;;QUATERNION_3 MIN;QUATERNION_3 MAX;QUATERNION_3 TARGET;;QUATERNION_4 MIN;QUATERNION_4 MAX;QUATERNION_4 TARGET;calls
0;changeModusPrepare;1;0;;0;499;150;;0;599;400;;600;800;650;;650;900;850;;700;900;770;;;;;;8000;21999;19000;;;;;;;;;
0;changeModus;1;0;;500;1500;800;;0;599;400;;600;800;650;;650;900;850;;700;900;770;;;;;;8000;21999;19000;;;;;;;;;
0;changeModusPrepare;2;0;;0;499;150;;400;749;550;;400;599;500;;650;900;850;;700;900;770;;;;;;8000;21999;19000;;;;;;;;;
0;changeModus;2;0;;500;1500;800;;400;749;550;;400;599;500;;650;900;850;;700;900;770;;;;;;8000;21999;19000;;;;;;;;;
1;changeModusPrepare;10;0;;0;499;150;;0;399;400;;600;800;650;;650;900;850;;700;900;770;;;;;;8000;21999;19000;;;;;;;;;
1;changeModus;10;0;;500;1500;800;;0;399;400;;600;800;650;;650;900;850;;700;900;770;;;;;;8000;21999;19000;;;;;;;;;
1;stopDataGlove;;100;;500;1500;800;;750;1000;850;;100;399;250;;650;900;850;;700;900;770;;;;;;8000;21999;19000;;;;;;;;;
1;changeModusPrepare;0;100;;0;499;150;;750;1000;850;;600;800;650;;650;900;850;;700;900;770;;;;;;8000;21999;19000;;;;;;;;;
1;changeModus;0;100;;500;1500;800;;750;1000;850;;600;800;650;;650;900;850;;700;900;770;;;;;;8000;21999;19000;;;;;;;;;
1;changeModusPrepare;0;100;;0;499;150;;750;1000;850;;600;800;650;;650;900;850;;700;900;770;;;;;;0;7999;1000;;;;;;;;;
1;changeModus;0;100;;500;1500;800;;750;1000;850;;600;800;650;;650;900;850;;700;900;770;;;;;;0;7999;1000;;;;;;;;;
1;changeModusPrepare;0;100;;0;499;150;;750;1000;850;;600;800;650;;650;900;850;;700;900;770;;;;;;22000;31000;25000;;;;;;;;;
1;changeModus;0;100;;500;1500;800;;750;1000;850;;600;800;650;;650;900;850;;700;900;770;;;;;;22000;31000;25000;;;;;;;;;
2;changeModusPrepare;20;0;;0;499;150;;400;749;550;;400;599;500;;650;900;850;;700;900;770;;;;;;8000;21999;19000;;;;;;;;;
2;changeModus;20;0;;500;1500;800;;400;749;550;;400;599;500;;650;900;850;;700;900;770;;;;;;8000;21999;19000;;;;;;;;;
2;stopDataGlove;;100;;500;1500;800;;750;1000;850;;100;399;250;;650;900;850;;700;900;770;;;;;;8000;21999;19000;;;;;;;;;
2;changeModusPrepare;0;100;;0;499;150;;750;1000;850;;600;800;650;;650;900;850;;700;900;770;;;;;;8000;21999;19000;;;;;;;;;
2;changeModus;0;100;;500;1500;800;;750;1000;850;;600;800;650;;650;900;850;;700;900;770;;;;;;8000;21999;19000;;;;;;;;;
2;changeModusPrepare;0;100;;0;499;150;;750;1000;850;;600;800;650;;650;900;850;;700;900;770;;;;;;0;7999;1000;;;;;;;;;
2;changeModus;0;100;;500;1500;800;;750;1000;850;;600;800;650;;650;900;850;;700;900;770;;;;;;0;7999;1000;;;;;;;;;
2;changeModusPrepare;0;100;;0;499;150;;750;1000;850;;600;800;650;;650;900;850;;700;900;770;;;;;;22000;31000;25000;;;;;;;;;
2;changeModus;0;100;;500;1500;800;;750;1000;850;;600;800;650;;650;900;850;;700;900;770;;;;;;22000;31000;25000;;;;;;;;;
20;stopDataGlove;;100;;500;1500;800;;750;1000;850;;100;399;250;;650;900;850;;700;900;770;;;;;;8000;21999;19000;;;;;;;;;
20;changeModusPrepare;0;100;;0;499;150;;750;1000;850;;600;800;650;;650;900;850;;700;900;770;;;;;;8000;21999;19000;;;;;;;;;
20;changeModus;0;100;;500;1500;800;;750;1000;850;;600;800;650;;650;900;850;;700;900;770;;;;;;8000;21999;19000;;;;;;;;;
20;changeModusPrepare;0;100;;0;499;150;;750;1000;850;;600;800;650;;650;900;850;;700;900;770;;;;;;0;7999;1000;;;;;;;;;
20;changeModus;0;100;;500;1500;800;;750;1000;850;;600;800;650;;650;900;850;;700;900;770;;;;;;0;7999;1000;;;;;;;;;
20;changeModusPrepare;0;100;;0;499;150;;750;1000;850;;600;800;650;;650;900;850;;700;900;770;;;;;;22000;31000;25000;;;;;;;;;
20;changeModus;0;100;;500;1500;800;;750;1000;850;;600;800;650;;650;900;850;;700;900;770;;;;;;22000;31000;25000;;;;;;;;;
10;changeModusPrepare;0;100;;0;499;150;;750;1000;850;;600;800;650;;650;900;850;;700;900;770;;;;;;8000;21999;19000;;;;;;;;;
10;changeModus;0;100;;500;1500;800;;750;1000;850;;600;800;650;;650;900;850;;700;900;770;;;;;;8000;21999;19000;;;;;;;;;
10;changeModusPrepare;0;100;;0;499;150;;750;1000;850;;600;800;650;;650;900;850;;700;900;770;;;;;;0;7999;1000;;;;;;;;;
10;changeModus;0;100;;500;1500;800;;750;1000;850;;600;800;650;;650;900;850;;700;900;770;;;;;;0;7999;1000;;;;;;;;;
10;changeModusPrepare;0;100;;0;499;150;;750;1000;850;;600;800;650;;650;900;850;;700;900;770;;;;;;22000;31000;25000;;;;;;;;;
10;changeModus;0;100;;500;1500;800;;750;1000;850;;600;800;650;;650;900;850;;700;900;770;;;;;;22000;31000;25000;;;;;;;;;
10;prepareKey;SPACE;100;;0;499;150;;400;749;550;;600;800;650;;650;900;850;;700;900;770;;;;;;8000;21999;19000;;;;;;;;;
10;key;SPACE;100;;500;1500;800;;400;749;550;;600;800;650;;650;900;850;;700;900;770;;;;;;8000;21999;19000;;;;;;;;;
10;prepareKey;ENTER;100;;0;499;150;;400;749;550;;600;800;650;;650;900;850;;700;900;770;;;;;;0;7999;1000;;;;;;;;;
10;key;ENTER;100;;500;1500;800;;400;749;550;;600;800;650;;650;900;850;;700;900;770;;;;;;0;7999;1000;;;;;;;;;
10;prepareKey;1;100;;0;499;150;;400;749;550;;600;800;650;;650;900;850;;700;900;770;;;;;;22000;31000;25000;;;;;;;;;
10;key;1;100;;500;1500;800;;400;749;550;;600;800;650;;650;900;850;;700;900;770;;;;;;22000;31000;25000;;;;;;;;;
10;prepareKey;DEL;100;;0;499;150;;750;1000;850;;400;599;500;;650;900;850;;700;900;770;;;;;;8000;21999;19000;;;;;;;;;
10;key;DEL;100;;500;1500;800;;750;1000;850;;400;599;500;;650;900;850;;700;900;770;;;;;;8000;21999;19000;;;;;;;;;
10;prepareKey;ESC;100;;0;499;150;;750;1000;850;;400;599;500;;650;900;850;;700;900;770;;;;;;0;7999;1000;;;;;;;;;
10;key;ESC;100;;500;1500;800;;750;1000;850;;400;599;500;;650;900;850;;700;900;770;;;;;;0;7999;1000;;;;;;;;;
10;prepareKey;ENTF;100;;0;499;150;;750;1000;850;;400;599;500;;650;900;850;;700;900;770;;;;;;22000;31000;25000;;;;;;;;;
10;key;ENTF;100;;500;1500;800;;750;1000;850;;400;599;500;;650;900;850;;700;900;770;;;;;;22000;31000;25000;;;;;;;;;
10;prepareKey;n;100;;0;499;150;;400;749;550;;400;599;500;;650;900;850;;700;900;770;;;;;;8000;21999;19000;;;;;;;;;
10;key;n;100;;500;1500;800;;400;749;550;;400;599;500;;650;900;850;;700;900;770;;;;;;8000;21999;19000;;;;;;;;;
10;prepareKey;N;100;;0;499;150;;400;749;550;;400;599;500;;650;900;850;;700;900;770;;;;;;0;7999;1000;;;;;;;;;
10;key;N;100;;500;1500;800;;400;749;550;;400;599;500;;650;900;850;;700;900;770;;;;;;0;7999;1000;;;;;;;;;
10;prepareKey;2;100;;0;499;150;;400;749;550;;400;599;500;;650;900;850;;700;900;770;;;;;;22000;31000;25000;;;;;;;;;
10;key;2;100;;500;1500;800;;400;749;550;;400;599;500;;650;900;850;;700;900;770;;;;;;22000;31000;25000;;;;;;;;;
10;prepareKey;e;100;;0;499;150;;400;749;550;;400;599;500;;400;649;550;;500;699;600;;;;;;8000;21999;19000;;;;;;;;;
10;key;e;100;;500;1500;800;;400;749;550;;400;599;500;;400;649;550;;500;699;600;;;;;;8000;21999;19000;;;;;;;;;
10;prepareKey;E;100;;0;499;150;;400;749;550;;400;599;500;;400;649;550;;500;699;600;;;;;;0;7999;1000;;;;;;;;;
10;key;E;100;;500;1500;800;;400;749;550;;400;599;500;;400;649;550;;500;699;600;;;;;;0;7999;1000;;;;;;;;;
10;prepareKey;4;100;;0;499;150;;400;749;550;;400;599;500;;400;649;550;;500;699;600;;;;;;22000;31000;25000;;;;;;;;;
10;key;4;100;;500;1500;800;;400;749;550;;400;599;500;;400;649;550;;500;699;600;;;;;;22000;31000;25000;;;;;;;;;
10;prepareKey;s;100;;0;499;150;;0;399;400;;400;599;500;;650;900;850;;700;900;770;;;;;;8000;21999;19000;;;;;;;;;
10;key;s;100;;500;1500;800;;0;399;400;;400;599;500;;650;900;850;;700;900;770;;;;;;8000;21999;19000;;;;;;;;;
10;prepareKey;S;100;;0;499;150;;0;399;400;;400;599;500;;650;900;850;;700;900;770;;;;;;0;7999;1000;;;;;;;;;
10;key;S;100;;500;1500;800;;0;399;400;;400;599;500;;650;900;850;;700;900;770;;;;;;0;7999;1000;;;;;;;;;
10;prepareKey;QUOTE;100;;0;499;150;;0;399;400;;400;599;500;;650;900;850;;700;900;770;;;;;;22000;31000;25000;;;;;;;;;
10;key;QUOTE;100;;500;1500;800;;0;399;400;;400;599;500;;650;900;850;;700;900;770;;;;;;22000;31000;25000;;;;;;;;;
10;prepareKey;h;100;;0;499;150;;0;399;400;;100;399;250;;0;399;200;;0;499;250;;;;;;8000;21999;19000;;;;;;;;;
10;key;h;100;;500;1500;800;;0;399;400;;100;399;250;;0;399;200;;0;499;250;;;;;;8000;21999;19000;;;;;;;;;
10;prepareKey;H;100;;0;499;150;;0;399;400;;100;399;250;;0;399;200;;0;499;250;;;;;;0;7999;1000;;;;;;;;;
10;key;H;100;;500;1500;800;;0;399;400;;100;399;250;;0;399;200;;0;499;250;;;;;;0;7999;1000;;;;;;;;;
10;prepareKey;|;100;;0;499;150;;0;399;400;;100;399;250;;0;399;200;;0;499;250;;;;;;22000;31000;25000;;;;;;;;;
10;key;|;100;;500;1500;800;;0;399;400;;100;399;250;;0;399;200;;0;499;250;;;;;;22000;31000;25000;;;;;;;;;
10;prepareKey;l;100;;0;499;150;;750;1000;850;;600;800;650;;650;900;850;;500;699;600;;;;;;8000;21999;19000;;;;;;;;;
10;key;l;100;;500;1500;800;;750;1000;850;;600;800;650;;650;900;850;;500;699;600;;;;;;8000;21999;19000;;;;;;;;;
10;prepareKey;L;100;;0;499;150;;750;1000;850;;600;800;650;;650;900;850;;500;699;600;;;;;;0;7999;1000;;;;;;;;;
10;key;L;100;;500;1500;800;;750;1000;850;;600;800;650;;650;900;850;;500;699;600;;;;;;0;7999;1000;;;;;;;;;
10;prepareKey;7;100;;0;499;150;;750;1000;850;;600;800;650;;650;900;850;;500;699;600;;;;;;22000;31000;25000;;;;;;;;;
10;key;7;100;;500;1500;800;;750;1000;850;;600;800;650;;650;900;850;;500;699;600;;;;;;22000;31000;25000;;;;;;;;;
10;prepareKey;d;100;;0;499;150;;400;749;550;;600;800;650;;650;900;850;;500;699;600;;;;;;8000;21999;19000;;;;;;;;;
10;key;d;100;;500;1500;800;;400;749;550;;600;800;650;;650;900;850;;500;699;600;;;;;;8000;21999;19000;;;;;;;;;
10;prepareKey;D;100;;0;499;150;;400;749;550;;600;800;650;;650;900;850;;500;699;600;;;;;;0;7999;1000;;;;;;;;;
10;key;D;100;;500;1500;800;;400;749;550;;600;800;650;;650;900;850;;500;699;600;;;;;;0;7999;1000;;;;;;;;;
10;prepareKey;8;100;;0;499;150;;400;749;550;;600;800;650;;650;900;850;;500;699;600;;;;;;22000;31000;25000;;;;;;;;;
10;key;8;100;;500;1500;800;;400;749;550;;600;800;650;;650;900;850;;500;699;600;;;;;;22000;31000;25000;;;;;;;;;
10;prepareKey;r;100;;0;499;150;;400;749;550;;600;800;650;;650;900;850;;0;499;250;;;;;;8000;21999;19000;;;;;;;;;
10;key;r;100;;500;1500;800;;400;749;550;;600;800;650;;650;900;850;;0;499;250;;;;;;8000;21999;19000;;;;;;;;;
10;prepareKey;R;100;;0;499;150;;400;749;550;;600;800;650;;650;900;850;;0;499;250;;;;;;0;7999;1000;;;;;;;;;
10;key;R;100;;500;1500;800;;400;749;550;;600;800;650;;650;900;850;;0;499;250;;;;;;0;7999;1000;;;;;;;;;
10;prepareKey;?;100;;0;499;150;;400;749;550;;600;800;650;;650;900;850;;0;499;250;;;;;;22000;31000;25000;;;;;;;;;
10;key;?;100;;500;1500;800;;400;749;550;;600;800;650;;650;900;850;;0;499;250;;;;;;22000;31000;25000;;;;;;;;;
10;prepareKey;m;100;;0;499;150;;0;399;400;;400;599;500;;400;649;550;;0;499;250;;;;;;8000;21999;19000;;;;;;;;;
10;key;m;100;;500;1500;800;;0;399;400;;400;599;500;;400;649;550;;0;499;250;;;;;;8000;21999;19000;;;;;;;;;
10;prepareKey;M;100;;0;499;150;;0;399;400;;400;599;500;;400;649;550;;0;499;250;;;;;;0;7999;1000;;;;;;;;;
10;key;M;100;;500;1500;800;;0;399;400;;400;599;500;;400;649;550;;0;499;250;;;;;;0;7999;1000;;;;;;;;;
10;prepareKey;*;100;;0;499;150;;0;399;400;;400;599;500;;400;649;550;;0;499;250;;;;;;22000;31000;25000;;;;;;;;;
10;key;*;100;;500;1500;800;;0;399;400;;400;599;500;;400;649;550;;0;499;250;;;;;;22000;31000;25000;;;;;;;;;
10;prepareKey;t;100;;0;499;150;;0;399;400;;600;800;650;;650;900;850;;500;699;600;;;;;;8000;21999;19000;;;;;;;;;
10;key;t;100;;500;1500;800;;0;399;400;;600;800;650;;650;900;850;;500;699;600;;;;;;8000;21999;19000;;;;;;;;;
10;prepareKey;T;100;;0;499;150;;0;399;400;;600;800;650;;650;900;850;;500;699;600;;;;;;0;7999;1000;;;;;;;;;
10;key;T;100;;500;1500;800;;0;399;400;;600;800;650;;650;900;850;;500;699;600;;;;;;0;7999;1000;;;;;;;;;
10;prepareKey;!;100;;0;499;150;;0;399;400;;600;800;650;;650;900;850;;500;699;600;;;;;;22000;31000;25000;;;;;;;;;
10;key;!;100;;500;1500;800;;0;399;400;;600;800;650;;650;900;850;;500;699;600;;;;;;22000;31000;25000;;;;;;;;;
10;prepareKey;c;100;;0;499;150;;750;1000;850;;400;599;500;;650;900;850;;500;699;600;;;;;;8000;21999;19000;;;;;;;;;
10;key;c;100;;500;1500;800;;750;1000;850;;400;599;500;;650;900;850;;500;699;600;;;;;;8000;21999;19000;;;;;;;;;
10;prepareKey;C;100;;0;499;150;;750;1000;850;;400;599;500;;650;900;850;;500;699;600;;;;;;0;7999;1000;;;;;;;;;
10;key;C;100;;500;1500;800;;750;1000;850;;400;599;500;;650;900;850;;500;699;600;;;;;;0;7999;1000;;;;;;;;;
10;prepareKey;SINGLE_QUOTE;100;;0;499;150;;750;1000;850;;400;599;500;;650;900;850;;500;699;600;;;;;;22000;31000;25000;;;;;;;;;
10;key;SINGLE_QUOTE;100;;500;1500;800;;750;1000;850;;400;599;500;;650;900;850;;500;699;600;;;;;;22000;31000;25000;;;;;;;;;
10;prepareKey;b;100;;0;499;150;;400;749;550;;400;599;500;;650;900;850;;500;699;600;;;;;;8000;21999;19000;;;;;;;;;
10;key;b;100;;500;1500;800;;400;749;550;;400;599;500;;650;900;850;;500;699;600;;;;;;8000;21999;19000;;;;;;;;;
10;prepareKey;B;100;;0;499;150;;400;749;550;;400;599;500;;650;900;850;;500;699;600;;;;;;0;7999;1000;;;;;;;;;
10;key;B;100;;500;1500;800;;400;749;550;;400;599;500;;650;900;850;;500;699;600;;;;;;0;7999;1000;;;;;;;;;
10;prepareKey;0;100;;0;499;150;;400;749;550;;400;599;500;;650;900;850;;500;699;600;;;;;;22000;31000;25000;;;;;;;;;
10;key;0;100;;500;1500;800;;400;749;550;;400;599;500;;650;900;850;;500;699;600;;;;;;22000;31000;25000;;;;;;;;;
10;prepareKey;a;100;;0;499;150;;0;399;400;;400;599;500;;400;649;550;;500;699;600;;;;;;8000;21999;19000;;;;;;;;;
10;key;a;100;;500;1500;800;;0;399;400;;400;599;500;;400;649;550;;500;699;600;;;;;;8000;21999;19000;;;;;;;;;
10;prepareKey;A;100;;0;499;150;;0;399;400;;400;599;500;;400;649;550;;500;699;600;;;;;;0;7999;1000;;;;;;;;;
10;key;A;100;;500;1500;800;;0;399;400;;400;599;500;;400;649;550;;500;699;600;;;;;;0;7999;1000;;;;;;;;;
10;prepareKey;SEMICOLON;100;;0;499;150;;0;399;400;;400;599;500;;400;649;550;;500;699;600;;;;;;22000;31000;25000;;;;;;;;;
10;key;SEMICOLON;100;;500;1500;800;;0;399;400;;400;599;500;;400;649;550;;500;699;600;;;;;;22000;31000;25000;;;;;;;;;
10;prepareKey;v;100;;0;499;150;;750;1000;850;;600;800;650;;400;649;550;;0;499;250;;;;;;8000;21999;19000;;;;;;;;;
10;key;v;100;;500;1500;800;;750;1000;850;;600;800;650;;400;649;550;;0;499;250;;;;;;8000;21999;19000;;;;;;;;;
10;prepareKey;V;100;;0;499;150;;750;1000;850;;600;800;650;;400;649;550;;0;499;250;;;;;;0;7999;1000;;;;;;;;;
10;key;V;100;;500;1500;800;;750;1000;850;;600;800;650;;400;649;550;;0;499;250;;;;;;0;7999;1000;;;;;;;;;
10;prepareKey;^;100;;0;499;150;;750;1000;850;;600;800;650;;400;649;550;;0;499;250;;;;;;22000;31000;25000;;;;;;;;;
10;key;^;100;;500;1500;800;;750;1000;850;;600;800;650;;400;649;550;;0;499;250;;;;;;22000;31000;25000;;;;;;;;;
10;prepareKey;UP;100;;0;499;150;;400;749;550;;600;800;650;;400;649;550;;0;499;250;;;;;;8000;21999;19000;;;;;;;;;
10;key;UP;100;;500;1500;800;;400;749;550;;600;800;650;;400;649;550;;0;499;250;;;;;;8000;21999;19000;;;;;;;;;
10;prepareKey;DOWN;100;;0;499;150;;400;749;550;;600;800;650;;400;649;550;;0;499;250;;;;;;0;7999;1000;;;;;;;;;
10;key;DOWN;100;;500;1500;800;;400;749;550;;600;800;650;;400;649;550;;0;499;250;;;;;;0;7999;1000;;;;;;;;;
10;prepareKey;&;100;;0;499;150;;400;749;550;;600;800;650;;400;649;550;;0;499;250;;;;;;22000;31000;25000;;;;;;;;;
10;key;&;100;;500;1500;800;;400;749;550;;600;800;650;;400;649;550;;0;499;250;;;;;;22000;31000;25000;;;;;;;;;
10;prepareKey;f;100;;0;499;150;;750;1000;850;;400;599;500;;400;649;550;;0;499;250;;;;;;8000;21999;19000;;;;;;;;;
10;key;f;100;;500;1500;800;;750;1000;850;;400;599;500;;400;649;550;;0;499;250;;;;;;8000;21999;19000;;;;;;;;;
10;prepareKey;f;100;;0;499;150;;750;1000;850;;400;599;500;;400;649;550;;0;499;250;;;;;;0;7999;1000;;;;;;;;;
10;key;f;100;;500;1500;800;;750;1000;850;;400;599;500;;400;649;550;;0;499;250;;;;;;0;7999;1000;;;;;;;;;
10;prepareKey;$;100;;0;499;150;;750;1000;850;;400;599;500;;400;649;550;;0;499;250;;;;;;22000;31000;25000;;;;;;;;;
10;key;$;100;;500;1500;800;;750;1000;850;;400;599;500;;400;649;550;;0;499;250;;;;;;22000;31000;25000;;;;;;;;;
10;prepareKey;w;100;;0;499;150;;0;399;400;;600;800;650;;650;900;850;;0;499;250;;;;;;8000;21999;19000;;;;;;;;;
10;key;w;100;;500;1500;800;;0;399;400;;600;800;650;;650;900;850;;0;499;250;;;;;;8000;21999;19000;;;;;;;;;
10;prepareKey;W;100;;0;499;150;;0;399;400;;600;800;650;;650;900;850;;0;499;250;;;;;;0;7999;1000;;;;;;;;;
10;key;W;100;;500;1500;800;;0;399;400;;600;800;650;;650;900;850;;0;499;250;;;;;;0;7999;1000;;;;;;;;;
10;prepareKey;:;100;;0;499;150;;0;399;400;;600;800;650;;650;900;850;;0;499;250;;;;;;22000;31000;25000;;;;;;;;;
10;key;:;100;;500;1500;800;;0;399;400;;600;800;650;;650;900;850;;0;499;250;;;;;;22000;31000;25000;;;;;;;;;
10;prepareKey;o;100;;0;499;150;;400;749;550;;400;599;500;;400;649;550;;0;499;250;;;;;;8000;21999;19000;;;;;;;;;
10;key;o;100;;500;1500;800;;400;749;550;;400;599;500;;400;649;550;;0;499;250;;;;;;8000;21999;19000;;;;;;;;;
10;prepareKey;O;100;;0;499;150;;400;749;550;;400;599;500;;400;649;550;;0;499;250;;;;;;0;7999;1000;;;;;;;;;
10;key;O;100;;500;1500;800;;400;749;550;;400;599;500;;400;649;550;;0;499;250;;;;;;0;7999;1000;;;;;;;;;
10;prepareKey;COMMA;100;;0;499;150;;400;749;550;;400;599;500;;400;649;550;;0;499;250;;;;;;22000;31000;25000;;;;;;;;;
10;key;COMMA;100;;500;1500;800;;400;749;550;;400;599;500;;400;649;550;;0;499;250;;;;;;22000;31000;25000;;;;;;;;;
10;prepareKey;g;100;;0;499;150;;0;399;400;;400;599;500;;650;900;850;;500;699;600;;;;;;8000;21999;19000;;;;;;;;;
10;key;g;100;;500;1500;800;;0;399;400;;400;599;500;;650;900;850;;500;699;600;;;;;;8000;21999;19000;;;;;;;;;
10;prepareKey;G;100;;0;499;150;;0;399;400;;400;599;500;;650;900;850;;500;699;600;;;;;;0;7999;1000;;;;;;;;;
10;key;G;100;;500;1500;800;;0;399;400;;400;599;500;;650;900;850;;500;699;600;;;;;;0;7999;1000;;;;;;;;;
10;prepareKey;DIACRITIC_GRAVE;100;;0;499;150;;0;399;400;;400;599;500;;650;900;850;;500;699;600;;;;;;22000;31000;25000;;;;;;;;;
10;key;DIACRITIC_GRAVE;100;;500;1500;800;;0;399;400;;400;599;500;;650;900;850;;500;699;600;;;;;;22000;31000;25000;;;;;;;;;
10;prepareKey;j;100;;0;499;150;;750;1000;850;;600;800;650;;400;649;550;;700;900;770;;;;;;8000;21999;19000;;;;;;;;;
10;key;j;100;;500;1500;800;;750;1000;850;;600;800;650;;400;649;550;;700;900;770;;;;;;8000;21999;19000;;;;;;;;;
10;prepareKey;J;100;;0;499;150;;750;1000;850;;600;800;650;;400;649;550;;700;900;770;;;;;;0;7999;1000;;;;;;;;;
10;key;J;100;;500;1500;800;;750;1000;850;;600;800;650;;400;649;550;;700;900;770;;;;;;0;7999;1000;;;;;;;;;
10;prepareKey;.;100;;0;499;150;;750;1000;850;;600;800;650;;400;649;550;;700;900;770;;;;;;22000;31000;25000;;;;;;;;;
10;key;.;100;;500;1500;800;;750;1000;850;;600;800;650;;400;649;550;;700;900;770;;;;;;22000;31000;25000;;;;;;;;;
10;prepareKey;i;100;;0;499;150;;750;1000;850;;400;599;500;;400;649;550;;500;699;600;;;;;;8000;21999;19000;;;;;;;;;
10;key;i;100;;500;1500;800;;750;1000;850;;400;599;500;;400;649;550;;500;699;600;;;;;;8000;21999;19000;;;;;;;;;
10;prepareKey;I;100;;0;499;150;;750;1000;850;;400;599;500;;400;649;550;;500;699;600;;;;;;0;7999;1000;;;;;;;;;
10;key;I;100;;500;1500;800;;750;1000;850;;400;599;500;;400;649;550;;500;699;600;;;;;;0;7999;1000;;;;;;;;;
10;prepareKey;5;100;;0;499;150;;750;1000;850;;400;599;500;;400;649;550;;500;699;600;;;;;;22000;31000;25000;;;;;;;;;
10;key;5;100;;500;1500;800;;750;1000;850;;400;599;500;;400;649;550;;500;699;600;;;;;;22000;31000;25000;;;;;;;;;
10;prepareKey;TAB;100;;0;499;150;;750;1000;850;;600;800;650;;650;900;850;;0;499;250;;;;;;8000;21999;19000;;;;;;;;;
10;key;TAB;100;;500;1500;800;;750;1000;850;;600;800;650;;650;900;850;;0;499;250;;;;;;8000;21999;19000;;;;;;;;;
10;prepareKey;BACK_TAB;100;;0;499;150;;750;1000;850;;600;800;650;;650;900;850;;0;499;250;;;;;;0;7999;1000;;;;;;;;;
10;key;BACK_TAB;100;;500;1500;800;;750;1000;850;;600;800;650;;650;900;850;;0;499;250;;;;;;0;7999;1000;;;;;;;;;
10;prepareKey;_;100;;0;499;150;;750;1000;850;;600;800;650;;650;900;850;;0;499;250;;;;;;22000;31000;25000;;;;;;;;;
10;key;_;100;;500;1500;800;;750;1000;850;;600;800;650;;650;900;850;;0;499;250;;;;;;22000;31000;25000;;;;;;;;;
10;prepareKey;p;100;;0;499;150;;750;1000;850;;400;599;500;;400;649;550;;700;900;770;;;;;;8000;21999;19000;;;;;;;;;
10;key;p;100;;500;1500;800;;750;1000;850;;400;599;500;;400;649;550;;700;900;770;;;;;;8000;21999;19000;;;;;;;;;
10;prepareKey;P;100;;0;499;150;;750;1000;850;;400;599;500;;400;649;550;;700;900;770;;;;;;0;7999;1000;;;;;;;;;
10;key;P;100;;500;1500;800;;750;1000;850;;400;599;500;;400;649;550;;700;900;770;;;;;;0;7999;1000;;;;;;;;;
10;prepareKey;+;100;;0;499;150;;750;1000;850;;400;599;500;;400;649;550;;700;900;770;;;;;;22000;31000;25000;;;;;;;;;
10;key;+;100;;500;1500;800;;750;1000;850;;400;599;500;;400;649;550;;700;900;770;;;;;;22000;31000;25000;;;;;;;;;
10;prepareKey;y;100;;0;499;150;;0;399;400;;100;399;250;;0;399;200;;500;699;600;;;;;;8000;21999;19000;;;;;;;;;
10;key;y;100;;500;1500;800;;0;399;400;;100;399;250;;0;399;200;;500;699;600;;;;;;8000;21999;19000;;;;;;;;;
10;prepareKey;Y;100;;0;499;150;;0;399;400;;100;399;250;;0;399;200;;500;699;600;;;;;;0;7999;1000;;;;;;;;;
10;key;Y;100;;500;1500;800;;0;399;400;;100;399;250;;0;399;200;;500;699;600;;;;;;0;7999;1000;;;;;;;;;
10;prepareKey;YEN;100;;0;499;150;;0;399;400;;100;399;250;;0;399;200;;500;699;600;;;;;;22000;31000;25000;;;;;;;;;
10;key;YEN;100;;500;1500;800;;0;399;400;;100;399;250;;0;399;200;;500;699;600;;;;;;22000;31000;25000;;;;;;;;;
10;prepareKey;k;100;;0;499;150;;750;1000;850;;400;599;500;;650;900;850;;0;499;250;;;;;;8000;21999;19000;;;;;;;;;
10;key;k;100;;500;1500;800;;750;1000;850;;400;599;500;;650;900;850;;0;499;250;;;;;;8000;21999;19000;;;;;;;;;
10;prepareKey;K;100;;0;499;150;;750;1000;850;;400;599;500;;650;900;850;;0;499;250;;;;;;0;7999;1000;;;;;;;;;
10;key;K;100;;500;1500;800;;750;1000;850;;400;599;500;;650;900;850;;0;499;250;;;;;;0;7999;1000;;;;;;;;;
10;prepareKey;%;100;;0;499;150;;750;1000;850;;400;599;500;;650;900;850;;0;499;250;;;;;;22000;31000;25000;;;;;;;;;
10;key;%;100;;500;1500;800;;750;1000;850;;400;599;500;;650;900;850;;0;499;250;;;;;;22000;31000;25000;;;;;;;;;
10;prepareKey;z;100;;0;499;150;;400;749;550;;400;599;500;;650;900;850;;0;499;250;;;;;;8000;21999;19000;;;;;;;;;
10;key;z;100;;500;1500;800;;400;749;550;;400;599;500;;650;900;850;;0;499;250;;;;;;8000;21999;19000;;;;;;;;;
10;prepareKey;Z;100;;0;499;150;;400;749;550;;400;599;500;;650;900;850;;0;499;250;;;;;;0;7999;1000;;;;;;;;;
10;key;Z;100;;500;1500;800;;400;749;550;;400;599;500;;650;900;850;;0;499;250;;;;;;0;7999;1000;;;;;;;;;
10;prepareKey;SPECIAL_CHAR_DEU_SZ;100;;0;499;150;;400;749;550;;400;599;500;;650;900;850;;0;499;250;;;;;;22000;31000;25000;;;;;;;;;
10;key;SPECIAL_CHAR_DEU_SZ;100;;500;1500;800;;400;749;550;;400;599;500;;650;900;850;;0;499;250;;;;;;22000;31000;25000;;;;;;;;;
10;prepareKey;q;100;;0;499;150;;0;399;400;;400;599;500;;650;900;850;;0;499;250;;;;;;8000;21999;19000;;;;;;;;;
10;key;q;100;;500;1500;800;;0;399;400;;400;599;500;;650;900;850;;0;499;250;;;;;;8000;21999;19000;;;;;;;;;
10;prepareKey;Q;100;;0;499;150;;0;399;400;;400;599;500;;650;900;850;;0;499;250;;;;;;0;7999;1000;;;;;;;;;
10;key;Q;100;;500;1500;800;;0;399;400;;400;599;500;;650;900;850;;0;499;250;;;;;;0;7999;1000;;;;;;;;;
10;prepareKey;DIACRITIC_GRAVE;100;;0;499;150;;0;399;400;;400;599;500;;650;900;850;;0;499;250;;;;;;22000;31000;25000;;;;;;;;;
10;key;DIACRITIC_GRAVE;100;;500;1500;800;;0;399;400;;400;599;500;;650;900;850;;0;499;250;;;;;;22000;31000;25000;;;;;;;;;
10;prepareKey;RIGHT;100;;0;499;150;;0;399;400;;600;800;650;;400;649;550;;0;499;250;;;;;;8000;21999;19000;;;;;;;;;
10;key;RIGHT;100;;500;1500;800;;0;399;400;;600;800;650;;400;649;550;;0;499;250;;;;;;8000;21999;19000;;;;;;;;;
10;prepareKey;LEFT;100;;0;499;150;;0;399;400;;600;800;650;;400;649;550;;0;499;250;;;;;;0;7999;1000;;;;;;;;;
10;key;LEFT;100;;500;1500;800;;0;399;400;;600;800;650;;400;649;550;;0;499;250;;;;;;0;7999;1000;;;;;;;;;
10;prepareKey;SWITCH>MARK;100;;0;499;150;;0;399;400;;600;800;650;;400;649;550;;0;499;250;;;;;;22000;31000;25000;;;;;;;;;
10;key;SWITCH>MARK;100;;500;1500;800;;0;399;400;;600;800;650;;400;649;550;;0;499;250;;;;;;22000;31000;25000;;;;;;;;;
10;prepareKey;{;100;;0;499;150;;0;399;400;;600;800;650;;650;900;850;;700;900;770;;;;;;8000;21999;19000;;;;;;;;;
10;key;{;100;;500;1500;800;;0;399;400;;600;800;650;;650;900;850;;700;900;770;;;;;;8000;21999;19000;;;;;;;;;
10;prepareKey;};100;;0;499;150;;0;399;400;;600;800;650;;650;900;850;;700;900;770;;;;;;0;7999;1000;;;;;;;;;
10;key;};100;;500;1500;800;;0;399;400;;600;800;650;;650;900;850;;700;900;770;;;;;;0;7999;1000;;;;;;;;;
10;prepareKey;=;100;;0;499;150;;0;399;400;;600;800;650;;650;900;850;;700;900;770;;;;;;22000;31000;25000;;;;;;;;;
10;key;=;100;;500;1500;800;;0;399;400;;600;800;650;;650;900;850;;700;900;770;;;;;;22000;31000;25000;;;;;;;;;
10;prepareKey;(;100;;0;499;150;;400;749;550;;600;800;650;;400;649;550;;700;900;770;;;;;;8000;21999;19000;;;;;;;;;
10;key;(;100;;500;1500;800;;400;749;550;;600;800;650;;400;649;550;;700;900;770;;;;;;8000;21999;19000;;;;;;;;;
10;prepareKey;);100;;0;499;150;;400;749;550;;600;800;650;;400;649;550;;700;900;770;;;;;;0;7999;1000;;;;;;;;;
10;key;);100;;500;1500;800;;400;749;550;;600;800;650;;400;649;550;;700;900;770;;;;;;0;7999;1000;;;;;;;;;
10;prepareKey;F1;100;;0;499;150;;400;749;550;;600;800;650;;400;649;550;;700;900;770;;;;;;22000;31000;25000;;;;;;;;;
10;key;F1;100;;500;1500;800;;400;749;550;;600;800;650;;400;649;550;;700;900;770;;;;;;22000;31000;25000;;;;;;;;;
10;prepareKey;INF_CHAR;100;;0;499;150;;750;1000;850;;600;800;650;;400;649;550;;500;699;600;;;;;;8000;21999;19000;;;;;;;;;
10;key;INF_CHAR;100;;500;1500;800;;750;1000;850;;600;800;650;;400;649;550;;500;699;600;;;;;;8000;21999;19000;;;;;;;;;
10;prepareKey;œ;100;;0;499;150;;750;1000;850;;600;800;650;;400;649;550;;500;699;600;;;;;;0;7999;1000;;;;;;;;;
10;key;œ;100;;500;1500;800;;750;1000;850;;600;800;650;;400;649;550;;500;699;600;;;;;;0;7999;1000;;;;;;;;;
10;prepareKey;6;100;;0;499;150;;750;1000;850;;600;800;650;;400;649;550;;500;699;600;;;;;;22000;31000;25000;;;;;;;;;
10;key;6;100;;500;1500;800;;750;1000;850;;600;800;650;;400;649;550;;500;699;600;;;;;;22000;31000;25000;;;;;;;;;
10;prepareKey;[;100;;0;499;150;;400;749;550;;600;800;650;;400;649;550;;500;699;600;;;;;;8000;21999;19000;;;;;;;;;
10;key;[;100;;500;1500;800;;400;749;550;;600;800;650;;400;649;550;;500;699;600;;;;;;8000;21999;19000;;;;;;;;;
10;prepareKey;];100;;0;499;150;;400;749;550;;600;800;650;;400;649;550;;500;699;600;;;;;;0;7999;1000;;;;;;;;;
10;key;];100;;500;1500;800;;400;749;550;;600;800;650;;400;649;550;;500;699;600;;;;;;0;7999;1000;;;;;;;;;
10;prepareKey;9;100;;0;499;150;;400;749;550;;600;800;650;;400;649;550;;500;699;600;;;;;;22000;31000;25000;;;;;;;;;
10;key;9;100;;500;1500;800;;400;749;550;;600;800;650;;400;649;550;;500;699;600;;;;;;22000;31000;25000;;;;;;;;;
10;prepareKey;PAGE_UP;100;;0;499;150;;400;749;550;;100;399;250;;0;399;200;;500;699;600;;;;;;8000;21999;19000;;;;;;;;;
10;key;PAGE_UP;100;;500;1500;800;;400;749;550;;100;399;250;;0;399;200;;500;699;600;;;;;;8000;21999;19000;;;;;;;;;
10;prepareKey;PAGE_DOWN;100;;0;499;150;;400;749;550;;100;399;250;;0;399;200;;500;699;600;;;;;;0;7999;1000;;;;;;;;;
10;key;PAGE_DOWN;100;;500;1500;800;;400;749;550;;100;399;250;;0;399;200;;500;699;600;;;;;;0;7999;1000;;;;;;;;;
10;prepareKey;CHAPS_LOCK;100;;0;499;150;;400;749;550;;100;399;250;;0;399;200;;500;699;600;;;;;;22000;31000;25000;;;;;;;;;
10;key;CHAPS_LOCK;100;;500;1500;800;;400;749;550;;100;399;250;;0;399;200;;500;699;600;;;;;;22000;31000;25000;;;;;;;;;
10;prepareKey;NEXT_WORD;100;;0;499;150;;0;399;400;;100;399;250;;650;900;850;;0;499;250;;;;;;8000;21999;19000;;;;;;;;;
10;key;NEXT_WORD;100;;500;1500;800;;0;399;400;;100;399;250;;650;900;850;;0;499;250;;;;;;8000;21999;19000;;;;;;;;;
10;prepareKey;PREVIOS_WORD;100;;0;499;150;;0;399;400;;100;399;250;;650;900;850;;0;499;250;;;;;;0;7999;1000;;;;;;;;;
10;key;PREVIOS_WORD;100;;500;1500;800;;0;399;400;;100;399;250;;650;900;850;;0;499;250;;;;;;0;7999;1000;;;;;;;;;
10;prepareKey;MARK_NEXT_WORD;100;;0;499;150;;0;399;400;;100;399;250;;650;900;850;;0;499;250;;;;;;22000;31000;25000;;;;;;;;;
10;key;MARK_NEXT_WORD;100;;500;1500;800;;0;399;400;;100;399;250;;650;900;850;;0;499;250;;;;;;22000;31000;25000;;;;;;;;;
10;prepareKey;POS_1;100;;0;499;150;;0;399;400;;100;399;250;;0;399;200;;700;900;770;;;;;;8000;21999;19000;;;;;;;;;
10;key;POS_1;100;;500;1500;800;;0;399;400;;100;399;250;;0;399;200;;700;900;770;;;;;;8000;21999;19000;;;;;;;;;
10;prepareKey;ENDE;100;;0;499;150;;0;399;400;;100;399;250;;0;399;200;;700;900;770;;;;;;0;7999;1000;;;;;;;;;
10;key;ENDE;100;;500;1500;800;;0;399;400;;100;399;250;;0;399;200;;700;900;770;;;;;;0;7999;1000;;;;;;;;;
10;prepareKey;INSERT;100;;0;499;150;;0;399;400;;100;399;250;;0;399;200;;700;900;770;;;;;;22000;31000;25000;;;;;;;;;
10;key;INSERT;100;;500;1500;800;;0;399;400;;100;399;250;;0;399;200;;700;900;770;;;;;;22000;31000;25000;;;;;;;;;
10;prepareKey;SWITCH&CTRL;100;;0;499;150;;0;399;400;;100;399;250;;400;649;550;;0;499;250;;;;;;8000;21999;19000;;;;;;;;;
10;key;SWITCH&CTRL;100;;500;1500;800;;0;399;400;;100;399;250;;400;649;550;;0;499;250;;;;;;8000;21999;19000;;;;;;;;;
10;prepareKey;SWITCH&RIGHTALT;100;;0;499;150;;0;399;400;;100;399;250;;400;649;550;;0;499;250;;;;;;0;7999;1000;;;;;;;;;
10;key;SWITCH&RIGHTALT;100;;500;1500;800;;0;399;400;;100;399;250;;400;649;550;;0;499;250;;;;;;0;7999;1000;;;;;;;;;
10;prepareKey;SWITCH&LEFTALT;100;;0;499;150;;0;399;400;;100;399;250;;400;649;550;;0;499;250;;;;;;22000;31000;25000;;;;;;;;;
10;key;SWITCH&LEFTALT;100;;500;1500;800;;0;399;400;;100;399;250;;400;649;550;;0;499;250;;;;;;22000;31000;25000;;;;;;;;;
10;prepareKey;'/';100;;0;499;150;;0;399;400;;400;599;500;;400;649;550;;700;900;770;;;;;;8000;21999;19000;;;;;;;;;
10;key;'/';100;;500;1500;800;;0;399;400;;400;599;500;;400;649;550;;700;900;770;;;;;;8000;21999;19000;;;;;;;;;
10;prepareKey;\;100;;0;499;150;;0;399;400;;400;599;500;;400;649;550;;700;900;770;;;;;;0;7999;1000;;;;;;;;;
10;key;\;100;;500;1500;800;;0;399;400;;400;599;500;;400;649;550;;700;900;770;;;;;;0;7999;1000;;;;;;;;;
10;prepareKey;-;100;;0;499;150;;0;399;400;;400;599;500;;400;649;550;;700;900;770;;;;;;22000;31000;25000;;;;;;;;;
10;key;-;100;;500;1500;800;;0;399;400;;400;599;500;;400;649;550;;700;900;770;;;;;;22000;31000;25000;;;;;;;;;
10;prepareKey;x;100;;0;499;150;;0;399;400;;600;800;650;;400;649;550;;700;900;770;;;;;;8000;21999;19000;;;;;;;;;
10;key;x;100;;500;1500;800;;0;399;400;;600;800;650;;400;649;550;;700;900;770;;;;;;8000;21999;19000;;;;;;;;;
10;prepareKey;X;100;;0;499;150;;0;399;400;;600;800;650;;400;649;550;;700;900;770;;;;;;0;7999;1000;;;;;;;;;
10;key;X;100;;500;1500;800;;0;399;400;;600;800;650;;400;649;550;;700;900;770;;;;;;0;7999;1000;;;;;;;;;
10;prepareKey;#;100;;0;499;150;;0;399;400;;600;800;650;;400;649;550;;700;900;770;;;;;;22000;31000;25000;;;;;;;;;
10;key;#;100;;500;1500;800;;0;399;400;;600;800;650;;400;649;550;;700;900;770;;;;;;22000;31000;25000;;;;;;;;;
10;prepareKey;u;100;;0;499;150;;400;749;550;;400;599;500;;400;649;550;;700;900;770;;;;;;8000;21999;19000;;;;;;;;;
10;key;u;100;;500;1500;800;;400;749;550;;400;599;500;;400;649;550;;700;900;770;;;;;;8000;21999;19000;;;;;;;;;
10;prepareKey;U;100;;0;499;150;;400;749;550;;400;599;500;;400;649;550;;700;900;770;;;;;;0;7999;1000;;;;;;;;;
10;key;U;100;;500;1500;800;;400;749;550;;400;599;500;;400;649;550;;700;900;770;;;;;;0;7999;1000;;;;;;;;;
10;prepareKey;3;100;;0;499;150;;400;749;550;;400;599;500;;400;649;550;;700;900;770;;;;;;22000;31000;25000;;;;;;;;;
10;key;3;100;;500;1500;800;;400;749;550;;400;599;500;;400;649;550;;700;900;770;;;;;;22000;31000;25000;;;;;;;;;
10;prepareKey;SPECIAL_CHAR_DEU_UE;100;;0;499;150;;400;749;550;;100;399;250;;0;399;200;;0;499;250;;;;;;8000;21999;19000;;;;;;;;;
10;key;SPECIAL_CHAR_DEU_UE;100;;500;1500;800;;400;749;550;;100;399;250;;0;399;200;;0;499;250;;;;;;8000;21999;19000;;;;;;;;;
10;prepareKey;SPECIAL_CHAR_DEU_UP_UE;100;;0;499;150;;400;749;550;;100;399;250;;0;399;200;;0;499;250;;;;;;0;7999;1000;;;;;;;;;
10;key;SPECIAL_CHAR_DEU_UP_UE;100;;500;1500;800;;400;749;550;;100;399;250;;0;399;200;;0;499;250;;;;;;0;7999;1000;;;;;;;;;
10;prepareKey;§;100;;0;499;150;;400;749;550;;100;399;250;;0;399;200;;0;499;250;;;;;;22000;31000;25000;;;;;;;;;
10;key;§;100;;500;1500;800;;400;749;550;;100;399;250;;0;399;200;;0;499;250;;;;;;22000;31000;25000;;;;;;;;;
10;prepareKey;UNDO;100;;0;499;150;;0;399;400;;100;399;250;;400;649;550;;700;900;770;;;;;;8000;21999;19000;;;;;;;;;
10;key;UNDO;100;;500;1500;800;;0;399;400;;100;399;250;;400;649;550;;700;900;770;;;;;;8000;21999;19000;;;;;;;;;
10;prepareKey;UNUNDO;100;;0;499;150;;0;399;400;;100;399;250;;400;649;550;;700;900;770;;;;;;0;7999;1000;;;;;;;;;
10;key;UNUNDO;100;;500;1500;800;;0;399;400;;100;399;250;;400;649;550;;700;900;770;;;;;;0;7999;1000;;;;;;;;;
10;prepareKey;F5;100;;0;499;150;;0;399;400;;100;399;250;;400;649;550;;700;900;770;;;;;;22000;31000;25000;;;;;;;;;
10;key;F5;100;;500;1500;800;;0;399;400;;100;399;250;;400;649;550;;700;900;770;;;;;;22000;31000;25000;;;;;;;;;
10;prepareKey;SPECIAL_CHAR_DEU_AE;100;;0;499;150;;0;399;400;;600;800;650;;400;649;550;;500;699;600;;;;;;8000;21999;19000;;;;;;;;;
10;key;SPECIAL_CHAR_DEU_AE;100;;500;1500;800;;0;399;400;;600;800;650;;400;649;550;;500;699;600;;;;;;8000;21999;19000;;;;;;;;;
10;prepareKey;SPECIAL_CHAR_DEU_UP_AE;100;;0;499;150;;0;399;400;;600;800;650;;400;649;550;;500;699;600;;;;;;0;7999;1000;;;;;;;;;
10;key;SPECIAL_CHAR_DEU_UP_AE;100;;500;1500;800;;0;399;400;;600;800;650;;400;649;550;;500;699;600;;;;;;0;7999;1000;;;;;;;;;
10;prepareKey;'¸';100;;0;499;150;;0;399;400;;600;800;650;;400;649;550;;500;699;600;;;;;;22000;31000;25000;;;;;;;;;
10;key;'¸';100;;500;1500;800;;0;399;400;;600;800;650;;400;649;550;;500;699;600;;;;;;22000;31000;25000;;;;;;;;;
10;prepareKey;ó;100;;0;499;150;;400;749;550;;100;399;250;;650;900;850;;0;499;250;;;;;;8000;21999;19000;;;;;;;;;
10;key;ó;100;;500;1500;800;;400;749;550;;100;399;250;;650;900;850;;0;499;250;;;;;;8000;21999;19000;;;;;;;;;
10;prepareKey;ò;100;;0;499;150;;400;749;550;;100;399;250;;650;900;850;;0;499;250;;;;;;0;7999;1000;;;;;;;;;
10;key;ò;100;;500;1500;800;;400;749;550;;100;399;250;;650;900;850;;0;499;250;;;;;;0;7999;1000;;;;;;;;;
10;prepareKey;ô;100;;0;499;150;;400;749;550;;100;399;250;;650;900;850;;0;499;250;;;;;;22000;31000;25000;;;;;;;;;
10;key;ô;100;;500;1500;800;;400;749;550;;100;399;250;;650;900;850;;0;499;250;;;;;;22000;31000;25000;;;;;;;;;
10;prepareKey;SPECIAL_CHAR_DEU_OE;100;;0;499;150;;400;749;550;;100;399;250;;400;649;550;;0;499;250;;;;;;8000;21999;19000;;;;;;;;;
10;key;SPECIAL_CHAR_DEU_OE;100;;500;1500;800;;400;749;550;;100;399;250;;400;649;550;;0;499;250;;;;;;8000;21999;19000;;;;;;;;;
10;prepareKey;SPECIAL_CHAR_DEU_UP_OE;100;;0;499;150;;400;749;550;;100;399;250;;400;649;550;;0;499;250;;;;;;0;7999;1000;;;;;;;;;
10;key;SPECIAL_CHAR_DEU_UP_OE;100;;500;1500;800;;400;749;550;;100;399;250;;400;649;550;;0;499;250;;;;;;0;7999;1000;;;;;;;;;
10;prepareKey;æ;100;;0;499;150;;400;749;550;;100;399;250;;400;649;550;;0;499;250;;;;;;22000;31000;25000;;;;;;;;;
10;key;æ;100;;500;1500;800;;400;749;550;;100;399;250;;400;649;550;;0;499;250;;;;;;22000;31000;25000;;;;;;;;;
10;prepareKey;é;100;;0;499;150;;750;1000;850;;100;399;250;;0;399;200;;0;499;250;;;;;;8000;21999;19000;;;;;;;;;
10;key;é;100;;500;1500;800;;750;1000;850;;100;399;250;;0;399;200;;0;499;250;;;;;;8000;21999;19000;;;;;;;;;
10;prepareKey;è;100;;0;499;150;;750;1000;850;;100;399;250;;0;399;200;;0;499;250;;;;;;0;7999;1000;;;;;;;;;
10;key;è;100;;500;1500;800;;750;1000;850;;100;399;250;;0;399;200;;0;499;250;;;;;;0;7999;1000;;;;;;;;;
10;prepareKey;ê;100;;0;499;150;;750;1000;850;;100;399;250;;0;399;200;;0;499;250;;;;;;22000;31000;25000;;;;;;;;;
10;key;ê;100;;500;1500;800;;750;1000;850;;100;399;250;;0;399;200;;0;499;250;;;;;;22000;31000;25000;;;;;;;;;
10;prepareKey;ú;100;;0;499;150;;750;1000;850;;100;399;250;;0;399;200;;500;699;600;;;;;;8000;21999;19000;;;;;;;;;
10;key;ú;100;;500;1500;800;;750;1000;850;;100;399;250;;0;399;200;;500;699;600;;;;;;8000;21999;19000;;;;;;;;;
10;prepareKey;ù;100;;0;499;150;;750;1000;850;;100;399;250;;0;399;200;;500;699;600;;;;;;0;7999;1000;;;;;;;;;
10;key;ù;100;;500;1500;800;;750;1000;850;;100;399;250;;0;399;200;;500;699;600;;;;;;0;7999;1000;;;;;;;;;
10;prepareKey;ŭ;100;;0;499;150;;750;1000;850;;100;399;250;;0;399;200;;500;699;600;;;;;;22000;31000;25000;;;;;;;;;
10;key;ŭ;100;;500;1500;800;;750;1000;850;;100;399;250;;0;399;200;;500;699;600;;;;;;22000;31000;25000;;;;;;;;;
10;prepareKey;ć;100;;0;499;150;;750;1000;850;;100;399;250;;650;900;850;;0;499;250;;;;;;8000;21999;19000;;;;;;;;;
10;key;ć;100;;500;1500;800;;750;1000;850;;100;399;250;;650;900;850;;0;499;250;;;;;;8000;21999;19000;;;;;;;;;
10;prepareKey;ç;100;;0;499;150;;750;1000;850;;100;399;250;;650;900;850;;0;499;250;;;;;;0;7999;1000;;;;;;;;;
10;key;ç;100;;500;1500;800;;750;1000;850;;100;399;250;;650;900;850;;0;499;250;;;;;;0;7999;1000;;;;;;;;;
10;prepareKey;ĉ;100;;0;499;150;;750;1000;850;;100;399;250;;650;900;850;;0;499;250;;;;;;22000;31000;25000;;;;;;;;;
10;key;ĉ;100;;500;1500;800;;750;1000;850;;100;399;250;;650;900;850;;0;499;250;;;;;;22000;31000;25000;;;;;;;;;
10;prepareKey;ø;100;;0;499;150;;750;1000;850;;100;399;250;;400;649;550;;0;499;250;;;;;;8000;21999;19000;;;;;;;;;
10;key;ø;100;;500;1500;800;;750;1000;850;;100;399;250;;400;649;550;;0;499;250;;;;;;8000;21999;19000;;;;;;;;;
10;prepareKey;ð;100;;0;499;150;;750;1000;850;;100;399;250;;400;649;550;;0;499;250;;;;;;0;7999;1000;;;;;;;;;
10;key;ð;100;;500;1500;800;;750;1000;850;;100;399;250;;400;649;550;;0;499;250;;;;;;0;7999;1000;;;;;;;;;
10;prepareKey;þ;100;;0;499;150;;750;1000;850;;100;399;250;;400;649;550;;0;499;250;;;;;;22000;31000;25000;;;;;;;;;
10;key;þ;100;;500;1500;800;;750;1000;850;;100;399;250;;400;649;550;;0;499;250;;;;;;22000;31000;25000;;;;;;;;;
10;prepareKey;COPY;100;;0;499;150;;0;399;400;;100;399;250;;650;900;850;;700;900;770;;;;;;8000;21999;19000;;;;;;;;;
10;key;COPY;100;;500;1500;800;;0;399;400;;100;399;250;;650;900;850;;700;900;770;;;;;;8000;21999;19000;;;;;;;;;
10;prepareKey;PAST;100;;0;499;150;;0;399;400;;100;399;250;;650;900;850;;700;900;770;;;;;;0;7999;1000;;;;;;;;;
10;key;PAST;100;;500;1500;800;;0;399;400;;100;399;250;;650;900;850;;700;900;770;;;;;;0;7999;1000;;;;;;;;;
10;prepareKey;PAST_PREVIOUS;100;;0;499;150;;0;399;400;;100;399;250;;650;900;850;;700;900;770;;;;;;22000;31000;25000;;;;;;;;;
10;key;PAST_PREVIOUS;100;;500;1500;800;;0;399;400;;100;399;250;;650;900;850;;700;900;770;;;;;;22000;31000;25000;;;;;;;;;
10;prepareKey;ę;100;;0;499;150;;750;1000;850;;400;599;500;;0;399;200;;0;499;250;;;;;;8000;21999;19000;;;;;;;;;
10;key;ę;100;;500;1500;800;;750;1000;850;;400;599;500;;0;399;200;;0;499;250;;;;;;8000;21999;19000;;;;;;;;;
10;prepareKey;ě;100;;0;499;150;;750;1000;850;;400;599;500;;0;399;200;;0;499;250;;;;;;0;7999;1000;;;;;;;;;
10;key;ě;100;;500;1500;800;;750;1000;850;;400;599;500;;0;399;200;;0;499;250;;;;;;0;7999;1000;;;;;;;;;
10;prepareKey;ë;100;;0;499;150;;750;1000;850;;400;599;500;;0;399;200;;0;499;250;;;;;;22000;31000;25000;;;;;;;;;
10;key;ë;100;;500;1500;800;;750;1000;850;;400;599;500;;0;399;200;;0;499;250;;;;;;22000;31000;25000;;;;;;;;;
10;prepareKey;ń;100;;0;499;150;;400;749;550;;400;599;500;;0;399;200;;0;499;250;;;;;;8000;21999;19000;;;;;;;;;
10;key;ń;100;;500;1500;800;;400;749;550;;400;599;500;;0;399;200;;0;499;250;;;;;;8000;21999;19000;;;;;;;;;
10;prepareKey;ñ;100;;0;499;150;;400;749;550;;400;599;500;;0;399;200;;0;499;250;;;;;;0;7999;1000;;;;;;;;;
10;key;ñ;100;;500;1500;800;;400;749;550;;400;599;500;;0;399;200;;0;499;250;;;;;;0;7999;1000;;;;;;;;;
10;prepareKey;ň;100;;0;499;150;;400;749;550;;400;599;500;;0;399;200;;0;499;250;;;;;;22000;31000;25000;;;;;;;;;
10;key;ň;100;;500;1500;800;;400;749;550;;400;599;500;;0;399;200;;0;499;250;;;;;;22000;31000;25000;;;;;;;;;
10;prepareKey;ś;100;;0;499;150;;0;399;400;;400;599;500;;0;399;200;;0;499;250;;;;;;8000;21999;19000;;;;;;;;;
10;key;ś;100;;500;1500;800;;0;399;400;;400;599;500;;0;399;200;;0;499;250;;;;;;8000;21999;19000;;;;;;;;;
10;prepareKey;ş;100;;0;499;150;;0;399;400;;400;599;500;;0;399;200;;0;499;250;;;;;;0;7999;1000;;;;;;;;;
10;key;ş;100;;500;1500;800;;0;399;400;;400;599;500;;0;399;200;;0;499;250;;;;;;0;7999;1000;;;;;;;;;
10;prepareKey;ŝ;100;;0;499;150;;0;399;400;;400;599;500;;0;399;200;;0;499;250;;;;;;22000;31000;25000;;;;;;;;;
10;key;ŝ;100;;500;1500;800;;0;399;400;;400;599;500;;0;399;200;;0;499;250;;;;;;22000;31000;25000;;;;;;;;;
10;prepareKey;á;100;;0;499;150;;0;399;400;;100;399;250;;400;649;550;;500;699;600;;;;;;8000;21999;19000;;;;;;;;;
10;key;á;100;;500;1500;800;;0;399;400;;100;399;250;;400;649;550;;500;699;600;;;;;;8000;21999;19000;;;;;;;;;
10;prepareKey;à;100;;0;499;150;;0;399;400;;100;399;250;;400;649;550;;500;699;600;;;;;;0;7999;1000;;;;;;;;;
10;key;à;100;;500;1500;800;;0;399;400;;100;399;250;;400;649;550;;500;699;600;;;;;;0;7999;1000;;;;;;;;;
10;prepareKey;å;100;;0;499;150;;0;399;400;;100;399;250;;400;649;550;;500;699;600;;;;;;22000;31000;25000;;;;;;;;;
10;key;å;100;;500;1500;800;;0;399;400;;100;399;250;;400;649;550;;500;699;600;;;;;;22000;31000;25000;;;;;;;;;
10;prepareKey;ğ;100;;0;499;150;;0;399;400;;100;399;250;;650;900;850;;500;699;600;;;;;;8000;21999;19000;;;;;;;;;
10;key;ğ;100;;500;1500;800;;0;399;400;;100;399;250;;650;900;850;;500;699;600;;;;;;8000;21999;19000;;;;;;;;;
10;prepareKey;;100;;0;499;150;;0;399;400;;100;399;250;;650;900;850;;500;699;600;;;;;;0;7999;1000;;;;;;;;;
10;key;;100;;500;1500;800;;0;399;400;;100;399;250;;650;900;850;;500;699;600;;;;;;0;7999;1000;;;;;;;;;
10;prepareKey;ĝ;100;;0;499;150;;0;399;400;;100;399;250;;650;900;850;;500;699;600;;;;;;22000;31000;25000;;;;;;;;;
10;key;ĝ;100;;500;1500;800;;0;399;400;;100;399;250;;650;900;850;;500;699;600;;;;;;22000;31000;25000;;;;;;;;;
10;prepareKey;F6;100;;0;499;150;;400;749;550;;100;399;250;;400;649;550;;500;699;600;;;;;;8000;21999;19000;;;;;;;;;
10;key;F6;100;;500;1500;800;;400;749;550;;100;399;250;;400;649;550;;500;699;600;;;;;;8000;21999;19000;;;;;;;;;
10;prepareKey;F7;100;;0;499;150;;400;749;550;;100;399;250;;400;649;550;;500;699;600;;;;;;0;7999;1000;;;;;;;;;
10;key;F7;100;;500;1500;800;;400;749;550;;100;399;250;;400;649;550;;500;699;600;;;;;;0;7999;1000;;;;;;;;;
10;prepareKey;F8;100;;0;499;150;;400;749;550;;100;399;250;;400;649;550;;500;699;600;;;;;;22000;31000;25000;;;;;;;;;
10;key;F8;100;;500;1500;800;;400;749;550;;100;399;250;;400;649;550;;500;699;600;;;;;;22000;31000;25000;;;;;;;;;
10;prepareKey;ź;100;;0;499;150;;400;749;550;;100;399;250;;650;900;850;;500;699;600;;;;;;8000;21999;19000;;;;;;;;;
10;key;ź;100;;500;1500;800;;400;749;550;;100;399;250;;650;900;850;;500;699;600;;;;;;8000;21999;19000;;;;;;;;;
10;prepareKey;ż;100;;0;499;150;;400;749;550;;100;399;250;;650;900;850;;500;699;600;;;;;;0;7999;1000;;;;;;;;;
10;key;ż;100;;500;1500;800;;400;749;550;;100;399;250;;650;900;850;;500;699;600;;;;;;0;7999;1000;;;;;;;;;
10;prepareKey;ž;100;;0;499;150;;400;749;550;;100;399;250;;650;900;850;;500;699;600;;;;;;22000;31000;25000;;;;;;;;;
10;key;ž;100;;500;1500;800;;400;749;550;;100;399;250;;650;900;850;;500;699;600;;;;;;22000;31000;25000;;;;;;;;;
10;prepareKey;í;100;;0;499;150;;750;1000;850;;100;399;250;;400;649;550;;500;699;600;;;;;;8000;21999;19000;;;;;;;;;
10;key;í;100;;500;1500;800;;750;1000;850;;100;399;250;;400;649;550;;500;699;600;;;;;;8000;21999;19000;;;;;;;;;
10;prepareKey;ì;100;;0;499;150;;750;1000;850;;100;399;250;;400;649;550;;500;699;600;;;;;;0;7999;1000;;;;;;;;;
10;key;ì;100;;500;1500;800;;750;1000;850;;100;399;250;;400;649;550;;500;699;600;;;;;;0;7999;1000;;;;;;;;;
10;prepareKey;î;100;;0;499;150;;750;1000;850;;100;399;250;;400;649;550;;500;699;600;;;;;;22000;31000;25000;;;;;;;;;
10;key;î;100;;500;1500;800;;750;1000;850;;100;399;250;;400;649;550;;500;699;600;;;;;;22000;31000;25000;;;;;;;;;
10;prepareKey;ã;100;;0;499;150;;0;399;400;;400;599;500;;0;399;200;;500;699;600;;;;;;8000;21999;19000;;;;;;;;;
10;key;ã;100;;500;1500;800;;0;399;400;;400;599;500;;0;399;200;;500;699;600;;;;;;8000;21999;19000;;;;;;;;;
10;prepareKey;ą;100;;0;499;150;;0;399;400;;400;599;500;;0;399;200;;500;699;600;;;;;;0;7999;1000;;;;;;;;;
10;key;ą;100;;500;1500;800;;0;399;400;;400;599;500;;0;399;200;;500;699;600;;;;;;0;7999;1000;;;;;;;;;
10;prepareKey;â;100;;0;499;150;;0;399;400;;400;599;500;;0;399;200;;500;699;600;;;;;;22000;31000;25000;;;;;;;;;
10;key;â;100;;500;1500;800;;0;399;400;;400;599;500;;0;399;200;;500;699;600;;;;;;22000;31000;25000;;;;;;;;;
10;prepareKey;ť;100;;0;499;150;;0;399;400;;600;800;650;;0;399;200;;0;499;250;;;;;;8000;21999;19000;;;;;;;;;
10;key;ť;100;;500;1500;800;;0;399;400;;600;800;650;;0;399;200;;0;499;250;;;;;;8000;21999;19000;;;;;;;;;
10;prepareKey;ı;100;;0;499;150;;0;399;400;;600;800;650;;0;399;200;;0;499;250;;;;;;0;7999;1000;;;;;;;;;
10;key;ı;100;;500;1500;800;;0;399;400;;600;800;650;;0;399;200;;0;499;250;;;;;;0;7999;1000;;;;;;;;;
10;prepareKey;ï;100;;0;499;150;;0;399;400;;600;800;650;;0;399;200;;0;499;250;;;;;;22000;31000;25000;;;;;;;;;
10;key;ï;100;;500;1500;800;;0;399;400;;600;800;650;;0;399;200;;0;499;250;;;;;;22000;31000;25000;;;;;;;;;
10;prepareKey;F2;100;;0;499;150;;750;1000;850;;100;399;250;;400;649;550;;700;900;770;;;;;;8000;21999;19000;;;;;;;;;
10;key;F2;100;;500;1500;800;;750;1000;850;;100;399;250;;400;649;550;;700;900;770;;;;;;8000;21999;19000;;;;;;;;;
10;prepareKey;F3;100;;0;499;150;;750;1000;850;;100;399;250;;400;649;550;;700;900;770;;;;;;0;7999;1000;;;;;;;;;
10;key;F3;100;;500;1500;800;;750;1000;850;;100;399;250;;400;649;550;;700;900;770;;;;;;0;7999;1000;;;;;;;;;
10;prepareKey;F4;100;;0;499;150;;750;1000;850;;100;399;250;;400;649;550;;700;900;770;;;;;;22000;31000;25000;;;;;;;;;
10;key;F4;100;;500;1500;800;;750;1000;850;;100;399;250;;400;649;550;;700;900;770;;;;;;22000;31000;25000;;;;;;;;;
10;prepareKey;F9;100;;0;499;150;;750;1000;850;;100;399;250;;650;900;850;;500;699;600;;;;;;8000;21999;19000;;;;;;;;;
10;key;F9;100;;500;1500;800;;750;1000;850;;100;399;250;;650;900;850;;500;699;600;;;;;;8000;21999;19000;;;;;;;;;
10;prepareKey;F10;100;;0;499;150;;750;1000;850;;100;399;250;;650;900;850;;500;699;600;;;;;;0;7999;1000;;;;;;;;;
10;key;F10;100;;500;1500;800;;750;1000;850;;100;399;250;;650;900;850;;500;699;600;;;;;;0;7999;1000;;;;;;;;;
10;prepareKey;F11;100;;0;499;150;;750;1000;850;;100;399;250;;650;900;850;;500;699;600;;;;;;22000;31000;25000;;;;;;;;;
10;key;F11;100;;500;1500;800;;750;1000;850;;100;399;250;;650;900;850;;500;699;600;;;;;;22000;31000;25000;;;;;;;;;
10;prepareKey;END_APPLICATION;100;;0;499;150;;750;1000;850;;100;399;250;;650;900;850;;700;900;770;;;;;;8000;21999;19000;;;;;;;;;
10;key;END_APPLICATION;100;;500;1500;800;;750;1000;850;;100;399;250;;650;900;850;;700;900;770;;;;;;8000;21999;19000;;;;;;;;;
10;prepareKey;CTRL+Q;100;;0;499;150;;750;1000;850;;100;399;250;;650;900;850;;700;900;770;;;;;;0;7999;1000;;;;;;;;;
10;key;CTRL+Q;100;;500;1500;800;;750;1000;850;;100;399;250;;650;900;850;;700;900;770;;;;;;0;7999;1000;;;;;;;;;
10;prepareKey;;100;;0;499;150;;750;1000;850;;100;399;250;;650;900;850;;700;900;770;;;;;;22000;31000;25000;;;;;;;;;
10;key;;100;;500;1500;800;;750;1000;850;;100;399;250;;650;900;850;;700;900;770;;;;;;22000;31000;25000;;;;;;;;;


